
# Lista kodów sankcyjnych HS (4-cyfrowe)
# Dodaj kody oddzielone nową linią

2617
2808
2811
2825
2829
2830
2842
2904
2908
2928
2933
3601
3602
3603
3604
3920
3926
4002
4011
4016
4901
4906
4911
5407
6101
6102
6116
6201
6202
6203
6204
6205
6207
6211
6216
6401
6402
6403
6404
6405
6505
6506
6914
7326
8110
8407
8408
8409
8411
8412
8413
8414
8471
8479
8482
8483
8501
8502
8504
8506
8507
8511
8517
8523
8525
8526
8535
8536
8538
8540
8541
8542
8543
8703
8704
8706
8802
8806
8807
9002
9005
9007
9013
9014
9015
9030
9031
9032
9302
9303
9305
9306
